8
Resources\Room1.txt,3,1,17,7
Resources\Room2.txt,28,1,43,7
Resources\Room3.txt,54,9,67,13
Resources\Room4.txt,80,2,90,10
Resources\Room5.txt,98,13,117,17
Resources\Room6.txt,29,17,47,21
Resources\Room7.txt,58,19,73,22
Resources\Room8.txt,5,17,19,21
0,0,0,0,7,8,65,23,18,3,88,10,0,0,0,0
0,0,0,0,36,8,65,23,43,4,88,15,27,3,31,9
60,8,55,1,62,14,67,22,0,0,0,0,53,11,31,11
0,0,0,0,86,11,74,23,91,5,88,12,79,6,31,10
105,11,54,1,109,18,72,22,0,0,0,0,0,0,0,0
36,16,54,1,39,22,59,22,0,0,0,0,0,0,0,0
62,17,51,1,0,0,0,0,74,20,88,11,0,0,0,0
0,0,0,0,12,22,56,22,0,0,0,0,0,0,0,0
7,12,116,5,27,14,24,15,108,21,52,23,90,23